{
  "experiment": "Mutual Information",
  "results": {
    "0.5B": {
      "model": "0.5B",
      "n_layers": 25,
      "mi_matrix": [
        [
          0.9999999999979999,
          0.023711462220753408,
          0.011774387382277878,
          0.005513034121275845,
          0.01181823799003817,
          0.01619436630955657,
          0.006845667559946244,
          0.004182172603220861,
          0.0020202020201999797,
          0.002707345564485673,
          0.0013468013467999864,
          0.0020202020201999797,
          0.0013468013467999864,
          0.0020202020201999797,
          0.0020202020201999797,
          0.0020202020201999797,
          0.0006734006733999932,
          0.0013468013467999864,
          0.0013468013467999864,
          0.003380746237885666,
          0.0034086570169009536,
          0.0034086570169009536,
          0.0027352563435009605,
          0.002061855670100967,
          0.013645272631433036
        ],
        [
          0.023711462220753408,
          0.9999999999979999,
          0.18270906528791203,
          0.11769516826962703,
          0.09337532178735072,
          0.0833627633556649,
          0.05365436018282336,
          0.04016183547301743,
          0.03444905062490034,
          0.03378419479774644,
          0.03242680079987403,
          0.028875507435779237,
          0.02853295007238583,
          0.027229177302786466,
          0.030159539190113095,
          0.023516414084373025,
          0.01940969993488284,
          0.0185438436542811,
          0.012245748033658953,
          0.011642779573548171,
          0.008136204601586604,
          0.004741290455571353,
          0.0013605442176856865,
          0.0006734006733999932,
          0.0013468013467999864
        ],
        [
          0.011774387382277878,
          0.18270906528791203,
          0.9999999999979999,
          0.23107404283783595,
          0.1616876985733681,
          0.10994341346036433,
          0.08092607678023829,
          0.07239508203149932,
          0.06238974073214583,
          0.0635534055719255,
          0.06171457523431957,
          0.057386803767721824,
          0.057853717511736964,
          0.05402514290177607,
          0.04916902446235567,
          0.035701990350336846,
          0.028778959159717392,
          0.027637374740283858,
          0.024157860472849794,
          0.020621602801257532,
          0.007448636020057025,
          0.004727547584685652,
          0.0006734006733999932,
          0.0006734006733999932,
          0.0013468013467999864
        ],
        [
          0.005513034121275845,
          0.11769516826962703,
          0.23107404283783595,
          0.9999999999979999,
          0.2288969969065193,
          0.11518580016086816,
          0.08362948584230968,
          0.07699620786785277,
          0.06816376850202928,
          0.0644287746455789,
          0.06503313906105271,
          0.06416775818543378,
          0.06735342387071934,
          0.062465005190841465,
          0.05893462809318425,
          0.04296780187202849,
          0.035046203658487776,
          0.031191843825913647,
          0.029056841610101896,
          0.02693877762029014,
          0.010927725250247189,
          0.006775660383900919,
          0.0020202020201999797,
          0.0,
          0.0
        ],
        [
          0.01181823799003817,
          0.09337532178735072,
          0.1616876985733681,
          0.2288969969065193,
          0.9999999999979999,
          0.18701624899388422,
          0.11870874980808696,
          0.09513794475431646,
          0.09381773393069913,
          0.07990298468052223,
          0.08123334725530544,
          0.07357541954356243,
          0.07957653017432118,
          0.07218779456702303,
          0.06948059902216874,
          0.051826037766369765,
          0.04814737753922967,
          0.04284888907540016,
          0.03638672349844744,
          0.031235750419122774,
          0.019160112238148532,
          0.010843125128828393,
          0.005428433999857045,
          0.0020202020201999797,
          0.0013468013467999864
        ],
        [
          0.01619436630955657,
          0.0833627633556649,
          0.10994341346036433,
          0.11518580016086816,
          0.18701624899388422,
          0.9999999999979999,
          0.18050495037146666,
          0.1387150011307342,
          0.100337227088091,
          0.09426521479559063,
          0.09008246706446571,
          0.08306937797784619,
          0.079632567921276,
          0.06876066302673553,
          0.0657994597378404,
          0.05624579457455838,
          0.041553987536673484,
          0.034026753693221085,
          0.03274777539239627,
          0.029131373314747886,
          0.013003323791233857,
          0.0088096052749866,
          0.003380746237885666,
          0.003394489108771366,
          0.00203394489108568
        ],
        [
          0.006845667559946244,
          0.05365436018282336,
          0.08092607678023829,
          0.08362948584230968,
          0.11870874980808696,
          0.18050495037146666,
          0.9999999999979999,
          0.19717605054769932,
          0.13241894659361636,
          0.10209899001348287,
          0.10133414309595247,
          0.092304320411502,
          0.07859499921552895,
          0.07190894846726524,
          0.07841531552925639,
          0.060593811969190524,
          0.04661712785947383,
          0.04285306716504797,
          0.033954585911186004,
          0.031164450421460623,
          0.017202821382134928,
          0.013167443582176428,
          0.009177847687154727,
          0.005602120495731629,
          0.003508771929820868
        ],
        [
          0.004182172603220861,
          0.04016183547301743,
          0.07239508203149932,
          0.07699620786785277,
          0.09513794475431646,
          0.1387150011307342,
          0.19717605054769932,
          0.9999999999979999,
          0.24191774987620818,
          0.16566939547769752,
          0.1516964443298527,
          0.14001130451676538,
          0.12094626070186419,
          0.11232829891378661,
          0.11085792900078613,
          0.08373923829578693,
          0.07004603796513285,
          0.06729971807079675,
          0.060867990946120096,
          0.05055177839118595,
          0.022242241908721552,
          0.016709791007013728,
          0.008426578163848963,
          0.004928719822331636,
          0.002777777777774884
        ],
        [
          0.0020202020201999797,
          0.03444905062490034,
          0.06238974073214583,
          0.06816376850202928,
          0.09381773393069913,
          0.100337227088091,
          0.13241894659361636,
          0.24191774987620818,
          0.9999999999979999,
          0.29354015643990083,
          0.2556684712080912,
          0.21164527704905514,
          0.19490012491434297,
          0.17485275340116488,
          0.1634224968544535,
          0.13108089311059257,
          0.10084788566759485,
          0.09771082563546482,
          0.07482799730751559,
          0.06486173057611327,
          0.025797232339771436,
          0.017986922759789914,
          0.007546979012361524,
          0.004095800561186647,
          0.0013605442176856865
        ],
        [
          0.002707345564485673,
          0.03378419479774644,
          0.0635534055719255,
          0.0644287746455789,
          0.07990298468052223,
          0.09426521479559063,
          0.10209899001348287,
          0.16566939547769752,
          0.29354015643990083,
          0.9999999999979999,
          0.4162178487741803,
          0.34327179721105067,
          0.2663571057384825,
          0.23026756401585763,
          0.1891137802075173,
          0.1448913914255886,
          0.11262860447381622,
          0.10934738966578972,
          0.08880659392882166,
          0.06908378934413237,
          0.03228122357228304,
          0.017333986443735586,
          0.009067041817792205,
          0.006228956228949761,
          0.002061855670100967
        ],
        [
          0.0013468013467999864,
          0.03242680079987403,
          0.06171457523431957,
          0.06503313906105271,
          0.08123334725530544,
          0.09008246706446571,
          0.10133414309595247,
          0.1516964443298527,
          0.2556684712080912,
          0.4162178487741803,
          0.9999999999979999,
          0.45914121378732975,
          0.33199715825847065,
          0.2676199084203421,
          0.23387910393181113,
          0.1877725268739465,
          0.13672502025126762,
          0.11936969018524372,
          0.09639160479346005,
          0.07553928438056477,
          0.030801872004947183,
          0.01717175352356902,
          0.008220379685761517,
          0.00476920123458664,
          0.0013605442176856865
        ],
        [
          0.0020202020201999797,
          0.028875507435779237,
          0.057386803767721824,
          0.06416775818543378,
          0.07357541954356243,
          0.08306937797784619,
          0.092304320411502,
          0.14001130451676538,
          0.21164527704905514,
          0.34327179721105067,
          0.45914121378732975,
          0.9999999999979999,
          0.4260815924204768,
          0.3364800854247763,
          0.27241695117029485,
          0.19570345763486313,
          0.16061016681484283,
          0.13079573401720898,
          0.10632544925799073,
          0.08228151526986681,
          0.033870451889620075,
          0.017918300742679794,
          0.009740442491192198,
          0.005485123342260557,
          0.002777777777774884
        ],
        [
          0.0013468013467999864,
          0.02853295007238583,
          0.057853717511736964,
          0.06735342387071934,
          0.07957653017432118,
          0.079632567921276,
          0.07859499921552895,
          0.12094626070186419,
          0.19490012491434297,
          0.2663571057384825,
          0.33199715825847065,
          0.4260815924204768,
          0.9999999999979999,
          0.42699449535698586,
          0.35258397405008984,
          0.2532353439978492,
          0.18709374087343514,
          0.14838060289737554,
          0.12686626677236357,
          0.09641405172854142,
          0.038982935140939125,
          0.020915904919267238,
          0.011919295314764239,
          0.007546979012361524,
          0.0027352563435009605
        ],
        [
          0.0020202020201999797,
          0.027229177302786466,
          0.05402514290177607,
          0.062465005190841465,
          0.07218779456702303,
          0.06876066302673553,
          0.07190894846726524,
          0.11232829891378661,
          0.17485275340116488,
          0.23026756401585763,
          0.2676199084203421,
          0.3364800854247763,
          0.42699449535698586,
          0.9999999999979999,
          0.44685524947699395,
          0.3121884791659789,
          0.23227634107399234,
          0.18908114215758845,
          0.15045610340098622,
          0.11655691445005113,
          0.0505847436454633,
          0.02640847468319741,
          0.015940620156753738,
          0.0075044575780875995,
          0.0034086570169009536
        ],
        [
          0.0020202020201999797,
          0.030159539190113095,
          0.04916902446235567,
          0.05893462809318425,
          0.06948059902216874,
          0.0657994597378404,
          0.07841531552925639,
          0.11085792900078613,
          0.1634224968544535,
          0.1891137802075173,
          0.23387910393181113,
          0.27241695117029485,
          0.35258397405008984,
          0.44685524947699395,
          0.9999999999979999,
          0.3707632990761191,
          0.2446320384564156,
          0.2030729945274217,
          0.15312293489936596,
          0.128306127551751,
          0.06210906010152387,
          0.038247418520931845,
          0.02180393673434958,
          0.008923463058792214,
          0.005528973950020847
        ],
        [
          0.0020202020201999797,
          0.023516414084373025,
          0.035701990350336846,
          0.04296780187202849,
          0.051826037766369765,
          0.05624579457455838,
          0.060593811969190524,
          0.08373923829578693,
          0.13108089311059257,
          0.1448913914255886,
          0.1877725268739465,
          0.19570345763486313,
          0.2532353439978492,
          0.3121884791659789,
          0.3707632990761191,
          0.9999999999979999,
          0.3364158947229937,
          0.26551756720166864,
          0.20181475610490834,
          0.16056350484715282,
          0.08261910227217144,
          0.0527629411577911,
          0.02842165531897091,
          0.013833528719957277,
          0.00475545836370094
        ],
        [
          0.0006734006733999932,
          0.01940969993488284,
          0.028778959159717392,
          0.035046203658487776,
          0.04814737753922967,
          0.041553987536673484,
          0.04661712785947383,
          0.07004603796513285,
          0.10084788566759485,
          0.11262860447381622,
          0.13672502025126762,
          0.16061016681484283,
          0.18709374087343514,
          0.23227634107399234,
          0.2446320384564156,
          0.3364158947229937,
          0.9999999999979999,
          0.429870993127237,
          0.3259037220610956,
          0.2493762568202509,
          0.15847451330366238,
          0.1130616925734974,
          0.06739578034777159,
          0.0419512500025804,
          0.021879280237919668
        ],
        [
          0.0013468013467999864,
          0.0185438436542811,
          0.027637374740283858,
          0.031191843825913647,
          0.04284888907540016,
          0.034026753693221085,
          0.04285306716504797,
          0.06729971807079675,
          0.09771082563546482,
          0.10934738966578972,
          0.11936969018524372,
          0.13079573401720898,
          0.14838060289737554,
          0.18908114215758845,
          0.2030729945274217,
          0.26551756720166864,
          0.429870993127237,
          0.9999999999979999,
          0.403305311902315,
          0.3093922017568253,
          0.18682844789114655,
          0.1275574154783504,
          0.07664841687410594,
          0.04830928804767312,
          0.02393842157559906
        ],
        [
          0.0013468013467999864,
          0.012245748033658953,
          0.024157860472849794,
          0.029056841610101896,
          0.03638672349844744,
          0.03274777539239627,
          0.033954585911186004,
          0.060867990946120096,
          0.07482799730751559,
          0.08880659392882166,
          0.09639160479346005,
          0.10632544925799073,
          0.12686626677236357,
          0.15045610340098622,
          0.15312293489936596,
          0.20181475610490834,
          0.3259037220610956,
          0.403305311902315,
          0.9999999999979999,
          0.46810538497551146,
          0.24704342256973486,
          0.17322261976941425,
          0.11055771135625853,
          0.07437255057191396,
          0.05133812960341844
        ],
        [
          0.003380746237885666,
          0.011642779573548171,
          0.020621602801257532,
          0.02693877762029014,
          0.031235750419122774,
          0.029131373314747886,
          0.031164450421460623,
          0.05055177839118595,
          0.06486173057611327,
          0.06908378934413237,
          0.07553928438056477,
          0.08228151526986681,
          0.09641405172854142,
          0.11655691445005113,
          0.128306127551751,
          0.16056350484715282,
          0.2493762568202509,
          0.3093922017568253,
          0.46810538497551146,
          0.9999999999979999,
          0.361781715600474,
          0.24369761157982667,
          0.16534867758557384,
          0.11890334687145242,
          0.08161982851781915
        ],
        [
          0.0034086570169009536,
          0.008136204601586604,
          0.007448636020057025,
          0.010927725250247189,
          0.019160112238148532,
          0.013003323791233857,
          0.017202821382134928,
          0.022242241908721552,
          0.025797232339771436,
          0.03228122357228304,
          0.030801872004947183,
          0.033870451889620075,
          0.038982935140939125,
          0.0505847436454633,
          0.06210906010152387,
          0.08261910227217144,
          0.15847451330366238,
          0.18682844789114655,
          0.24704342256973486,
          0.361781715600474,
          0.9999999999979999,
          0.47346294278538276,
          0.3416543339936489,
          0.26683833858172323,
          0.18451116773426304
        ],
        [
          0.0034086570169009536,
          0.004741290455571353,
          0.004727547584685652,
          0.006775660383900919,
          0.010843125128828393,
          0.0088096052749866,
          0.013167443582176428,
          0.016709791007013728,
          0.017986922759789914,
          0.017333986443735586,
          0.01717175352356902,
          0.017918300742679794,
          0.020915904919267238,
          0.02640847468319741,
          0.038247418520931845,
          0.0527629411577911,
          0.1130616925734974,
          0.1275574154783504,
          0.17322261976941425,
          0.24369761157982667,
          0.47346294278538276,
          0.9999999999979999,
          0.540266936259829,
          0.3773867046011521,
          0.25335913136539356
        ],
        [
          0.0027352563435009605,
          0.0013605442176856865,
          0.0006734006733999932,
          0.0020202020201999797,
          0.005428433999857045,
          0.003380746237885666,
          0.009177847687154727,
          0.008426578163848963,
          0.007546979012361524,
          0.009067041817792205,
          0.008220379685761517,
          0.009740442491192198,
          0.011919295314764239,
          0.015940620156753738,
          0.02180393673434958,
          0.02842165531897091,
          0.06739578034777159,
          0.07664841687410594,
          0.11055771135625853,
          0.16534867758557384,
          0.3416543339936489,
          0.540266936259829,
          0.9999999999979999,
          0.5243177924254062,
          0.3260758231184402
        ],
        [
          0.002061855670100967,
          0.0006734006733999932,
          0.0006734006733999932,
          0.0,
          0.0020202020201999797,
          0.003394489108771366,
          0.005602120495731629,
          0.004928719822331636,
          0.004095800561186647,
          0.006228956228949761,
          0.00476920123458664,
          0.005485123342260557,
          0.007546979012361524,
          0.0075044575780875995,
          0.008923463058792214,
          0.013833528719957277,
          0.0419512500025804,
          0.04830928804767312,
          0.07437255057191396,
          0.11890334687145242,
          0.26683833858172323,
          0.3773867046011521,
          0.5243177924254062,
          0.9999999999979999,
          0.4673494073968244
        ],
        [
          0.013645272631433036,
          0.0013468013467999864,
          0.0013468013467999864,
          0.0,
          0.0013468013467999864,
          0.00203394489108568,
          0.003508771929820868,
          0.002777777777774884,
          0.0013605442176856865,
          0.002061855670100967,
          0.0013605442176856865,
          0.002777777777774884,
          0.0027352563435009605,
          0.0034086570169009536,
          0.005528973950020847,
          0.00475545836370094,
          0.021879280237919668,
          0.02393842157559906,
          0.05133812960341844,
          0.08161982851781915,
          0.18451116773426304,
          0.25335913136539356,
          0.3260758231184402,
          0.4673494073968244,
          0.9999999999979999
        ]
      ],
      "offdiag_decay": [
        0.34656153339875995,
        0.24240645817624093,
        0.1793247277951315,
        0.13938797192148597,
        0.10807286309206773,
        0.08580131920011934,
        0.06956415614520665,
        0.05787970753981613,
        0.04843525503593582,
        0.04051793048362019,
        0.03397319947815553,
        0.026689636821063338,
        0.02221101963392166,
        0.018188600704685906,
        0.01501148704931382,
        0.012638967962347578,
        0.008468205884023028,
        0.005649367480393626,
        0.0037198078926072606,
        0.002034029898534457,
        0.0013606504769966582,
        0.0015851527879003132,
        0.0017043285084504768,
        0.013645272631433036
      ],
      "corr_length": 4,
      "eigenvalues": [
        3.81409079425418,
        2.6487508389958894,
        1.7350750238117243,
        1.5308813016536837,
        1.1836173785389352,
        1.0522098185033182,
        1.0018126423736613,
        0.9362221694348511,
        0.9001948190803597,
        0.8727143635120999
      ],
      "spectral_gap": 1.1653399552582906
    },
    "1.5B": {
      "model": "1.5B",
      "n_layers": 29,
      "mi_matrix": [
        [
          0.9999999999979999,
          0.05561866747596646,
          0.03893906653681481,
          0.07926363114447565,
          0.07820311154608019,
          0.0486466009393661,
          0.04647959647589013,
          0.04107319100041558,
          0.04415707255995752,
          0.03663073058205663,
          0.029101665167341896,
          0.024570567516107984,
          0.022501652777525534,
          0.015195402111129328,
          0.016944768048489395,
          0.016958935956618983,
          0.015463529610377542,
          0.012629026138329605,
          0.0169585109193751,
          0.02027230189565853,
          0.015837790911412252,
          0.011701240836567098,
          0.006143913360401914,
          0.004095800561186647,
          0.0034086570169009536,
          0.00412457912457487,
          0.004182172603220861,
          0.003508771929820868,
          0.006228956228949761
        ],
        [
          0.05561866747596646,
          0.9999999999979999,
          0.18886568913126123,
          0.15473910888599837,
          0.12092442302266332,
          0.10098757395159842,
          0.07285673058231469,
          0.07030784945740151,
          0.06108057098561126,
          0.06006978086439822,
          0.0487864967294178,
          0.04459351717468154,
          0.04655547558465116,
          0.039568643792363675,
          0.035653804200061784,
          0.040854348588596726,
          0.034366406528086875,
          0.03501334054611853,
          0.03486666069301676,
          0.03434375804067105,
          0.032941209763273714,
          0.02854705901580367,
          0.01656235772819168,
          0.014407718616679834,
          0.01247569883469316,
          0.008993895272081423,
          0.008305883943422795,
          0.00905243116253357,
          0.009021806051096712
        ],
        [
          0.03893906653681481,
          0.18886568913126123,
          0.9999999999979999,
          0.26993825717639197,
          0.17683259696061523,
          0.14470320249252222,
          0.11427120372902427,
          0.09324148659949895,
          0.07834865365238992,
          0.06784825305757719,
          0.06973044204874654,
          0.06565145001335838,
          0.06116894001413382,
          0.05386065807718773,
          0.050528003008813674,
          0.049481409986376665,
          0.045253609369746976,
          0.048688043508943506,
          0.0499687446775773,
          0.05001646469358819,
          0.040015321864321544,
          0.040028949785046654,
          0.03224569067795705,
          0.02427705458418017,
          0.02883638863539635,
          0.021572095555147608,
          0.024457424882458965,
          0.03108461015945403,
          0.02170830456707489
        ],
        [
          0.07926363114447565,
          0.15473910888599837,
          0.26993825717639197,
          0.9999999999979999,
          0.29032635942294305,
          0.1908500551236089,
          0.1506476755194432,
          0.10866472930487767,
          0.08883132210671874,
          0.08702198228403012,
          0.07272821673109221,
          0.06744363724574308,
          0.06349922711972947,
          0.05872878909191543,
          0.056363560992663216,
          0.05288691545207407,
          0.050137294682160834,
          0.05352429421160291,
          0.05411300649895703,
          0.0505605594255353,
          0.04745330257755998,
          0.04438331684480381,
          0.03556766820918557,
          0.02704022170669642,
          0.0310833400795172,
          0.025969652134263173,
          0.03035321371184415,
          0.031014039936579512,
          0.02405111093718361
        ],
        [
          0.07820311154608019,
          0.12092442302266332,
          0.17683259696061523,
          0.29032635942294305,
          0.9999999999979999,
          0.2750355139250051,
          0.18475698392270562,
          0.1367100330386878,
          0.1106929473990811,
          0.11167113628972579,
          0.08981366899008555,
          0.08252014258054415,
          0.07229201950250932,
          0.06609658207148446,
          0.0672372946072327,
          0.0584194934854798,
          0.05447383309249441,
          0.05738321115345797,
          0.054529651542424284,
          0.0493114595527718,
          0.04457099930014777,
          0.043837556476363025,
          0.033857266716024,
          0.02638697530355879,
          0.023240364443009826,
          0.019638370742089368,
          0.021706018779288967,
          0.023160885542795936,
          0.0156574697927914
        ],
        [
          0.0486466009393661,
          0.10098757395159842,
          0.14470320249252222,
          0.1908500551236089,
          0.2750355139250051,
          0.9999999999979999,
          0.28757108855345676,
          0.18214790747575885,
          0.12449362275279907,
          0.11746001654708572,
          0.10159267629438778,
          0.09497613122828286,
          0.08277082701470724,
          0.07360473703000806,
          0.07371202841601869,
          0.07321321561492117,
          0.06536305689029373,
          0.06388712460213937,
          0.06203192768833335,
          0.06079252940236104,
          0.04627992673905434,
          0.04844075383627639,
          0.03662149601995355,
          0.03211712149122562,
          0.030135521206483537,
          0.025088821496147305,
          0.02736981379525584,
          0.026687420789985723,
          0.017426138151931534
        ],
        [
          0.04647959647589013,
          0.07285673058231469,
          0.11427120372902427,
          0.1506476755194432,
          0.18475698392270562,
          0.28757108855345676,
          0.9999999999979999,
          0.29225591428286657,
          0.17692292121846329,
          0.1591314642792925,
          0.12358378605903414,
          0.12179066510466782,
          0.11217181046334929,
          0.10456151285854422,
          0.10742320774572102,
          0.0963553889196271,
          0.08277334402717305,
          0.08206281834444198,
          0.08730234333440215,
          0.08268809184814059,
          0.06301299640920802,
          0.06257204557930286,
          0.051686196382288226,
          0.04165266170450043,
          0.04132960482240882,
          0.03917687532335298,
          0.04008007746196919,
          0.03808147998651535,
          0.029843726133415686
        ],
        [
          0.04107319100041558,
          0.07030784945740151,
          0.09324148659949895,
          0.10866472930487767,
          0.1367100330386878,
          0.18214790747575885,
          0.29225591428286657,
          0.9999999999979999,
          0.26028426805140964,
          0.21335405646617675,
          0.15781064760154292,
          0.1422991320054362,
          0.12752216628762494,
          0.10946563533317913,
          0.12408019798089877,
          0.11726213176089174,
          0.10522974110827436,
          0.10225878734432134,
          0.1016305991955677,
          0.09333247446831233,
          0.0785904719310723,
          0.07139614880082563,
          0.05844308173255528,
          0.046418868725388376,
          0.04596060942662499,
          0.04042114806265961,
          0.04222492422493384,
          0.03699034326190631,
          0.03473898891828324
        ],
        [
          0.04415707255995752,
          0.06108057098561126,
          0.07834865365238992,
          0.08883132210671874,
          0.1106929473990811,
          0.12449362275279907,
          0.17692292121846329,
          0.26028426805140964,
          0.9999999999979999,
          0.32367091739029163,
          0.24231757750667177,
          0.2051589960853775,
          0.17237757571657011,
          0.15631013920246745,
          0.1505788521757491,
          0.14644361679747483,
          0.13724037667636044,
          0.12403022830539116,
          0.12369420931533223,
          0.11687533122159081,
          0.10058643631232568,
          0.0842670536033095,
          0.0605148666844586,
          0.05440612803941595,
          0.052491308662928705,
          0.042182567695568066,
          0.04389558238134801,
          0.03645220477118709,
          0.030223195232095747
        ],
        [
          0.03663073058205663,
          0.06006978086439822,
          0.06784825305757719,
          0.08702198228403012,
          0.11167113628972579,
          0.11746001654708572,
          0.1591314642792925,
          0.21335405646617675,
          0.32367091739029163,
          0.9999999999979999,
          0.3331865059928655,
          0.28487105966973225,
          0.23778753981091155,
          0.20465426300551054,
          0.20435660374089515,
          0.19592490731890477,
          0.18189157936494665,
          0.16391158599164501,
          0.1445942540233168,
          0.14164710250430806,
          0.11150592162695401,
          0.09955133323059534,
          0.07730602062895754,
          0.06907681017616286,
          0.06149035466847789,
          0.05465678639056183,
          0.04945553186081855,
          0.0392879984214068,
          0.02894266395415917
        ],
        [
          0.029101665167341896,
          0.0487864967294178,
          0.06973044204874654,
          0.07272821673109221,
          0.08981366899008555,
          0.10159267629438778,
          0.12358378605903414,
          0.15781064760154292,
          0.24231757750667177,
          0.3331865059928655,
          0.9999999999979999,
          0.4188173285362585,
          0.30464541947090973,
          0.2514197304474795,
          0.24456756187822354,
          0.2424082476286869,
          0.22381985732399984,
          0.20032708615510633,
          0.18208852903953301,
          0.16830448618129668,
          0.13807091474864927,
          0.12267783603919989,
          0.10035444720835757,
          0.08783285345474144,
          0.0756932747061046,
          0.06712805591017806,
          0.06553468209990078,
          0.053057179959327565,
          0.03812644983683877
        ],
        [
          0.024570567516107984,
          0.04459351717468154,
          0.06565145001335838,
          0.06744363724574308,
          0.08252014258054415,
          0.09497613122828286,
          0.12179066510466782,
          0.1422991320054362,
          0.2051589960853775,
          0.28487105966973225,
          0.4188173285362585,
          0.9999999999979999,
          0.4079429171006307,
          0.35588696911499795,
          0.3149828237083145,
          0.29550976282358454,
          0.2595002019144328,
          0.23929279783165522,
          0.2110401455918103,
          0.18021348295036252,
          0.14800921966958802,
          0.1337319264734794,
          0.10366736792098703,
          0.0876965238501104,
          0.07222285354401957,
          0.06774552268239348,
          0.06303633729303437,
          0.05042404582806125,
          0.03572423641335099
        ],
        [
          0.022501652777525534,
          0.04655547558465116,
          0.06116894001413382,
          0.06349922711972947,
          0.07229201950250932,
          0.08277082701470724,
          0.11217181046334929,
          0.12752216628762494,
          0.17237757571657011,
          0.23778753981091155,
          0.30464541947090973,
          0.4079429171006307,
          0.9999999999979999,
          0.4781713576499039,
          0.38104989027377906,
          0.3618181487367771,
          0.3184785529449453,
          0.2922637663469098,
          0.25151941560636487,
          0.22275317170021303,
          0.1817795863654222,
          0.16073318580893378,
          0.11692948808887967,
          0.09908379771050232,
          0.07845047909391313,
          0.07028306696118537,
          0.06535670585634194,
          0.049543191410174964,
          0.029802446417406515
        ],
        [
          0.015195402111129328,
          0.039568643792363675,
          0.05386065807718773,
          0.05872878909191543,
          0.06609658207148446,
          0.07360473703000806,
          0.10456151285854422,
          0.10946563533317913,
          0.15631013920246745,
          0.20465426300551054,
          0.2514197304474795,
          0.35588696911499795,
          0.4781713576499039,
          0.9999999999979999,
          0.45033170902904,
          0.3957128220727182,
          0.35408284026118575,
          0.3121212271065564,
          0.2631181267096174,
          0.22740977422026146,
          0.18842319473309932,
          0.16053141689118694,
          0.11122100405891253,
          0.09000615119048813,
          0.07207515403944235,
          0.0651887604054115,
          0.06277405287436094,
          0.050331431691865505,
          0.029266271795173174
        ],
        [
          0.016944768048489395,
          0.035653804200061784,
          0.050528003008813674,
          0.056363560992663216,
          0.0672372946072327,
          0.07371202841601869,
          0.10742320774572102,
          0.12408019798089877,
          0.1505788521757491,
          0.20435660374089515,
          0.24456756187822354,
          0.3149828237083145,
          0.38104989027377906,
          0.45033170902904,
          0.9999999999979999,
          0.5109791129188743,
          0.3960874310982172,
          0.3550147014690799,
          0.27320414256884423,
          0.24459119355404646,
          0.19392577220610177,
          0.16296971555733933,
          0.11888621762062518,
          0.09721964184157895,
          0.07793775506719472,
          0.06728778789407076,
          0.06334464533613966,
          0.04926725580289791,
          0.02924604289747759
        ],
        [
          0.016958935956618983,
          0.040854348588596726,
          0.049481409986376665,
          0.05288691545207407,
          0.0584194934854798,
          0.07321321561492117,
          0.0963553889196271,
          0.11726213176089174,
          0.14644361679747483,
          0.19592490731890477,
          0.2424082476286869,
          0.29550976282358454,
          0.3618181487367771,
          0.3957128220727182,
          0.5109791129188743,
          0.9999999999979999,
          0.4918716912868657,
          0.40561703886952155,
          0.31309757348020856,
          0.26741457581205863,
          0.21344418673766077,
          0.17151300810129408,
          0.12988070663554063,
          0.10602180204154261,
          0.08492260746363404,
          0.07514584205032164,
          0.06973919188718529,
          0.054157545161619886,
          0.031220197352057975
        ],
        [
          0.015463529610377542,
          0.034366406528086875,
          0.045253609369746976,
          0.050137294682160834,
          0.05447383309249441,
          0.06536305689029373,
          0.08277334402717305,
          0.10522974110827436,
          0.13724037667636044,
          0.18189157936494665,
          0.22381985732399984,
          0.2595002019144328,
          0.3184785529449453,
          0.35408284026118575,
          0.3960874310982172,
          0.4918716912868657,
          0.9999999999979999,
          0.5219975553207351,
          0.3758800158655487,
          0.30934483933455686,
          0.23445769783094378,
          0.19281049817394244,
          0.14441806663543008,
          0.12187816234038112,
          0.09560225098905395,
          0.08578080739349643,
          0.08055444261139733,
          0.06340412643749054,
          0.031981816615540816
        ],
        [
          0.012629026138329605,
          0.03501334054611853,
          0.048688043508943506,
          0.05352429421160291,
          0.05738321115345797,
          0.06388712460213937,
          0.08206281834444198,
          0.10225878734432134,
          0.12403022830539116,
          0.16391158599164501,
          0.20032708615510633,
          0.23929279783165522,
          0.2922637663469098,
          0.3121212271065564,
          0.3550147014690799,
          0.40561703886952155,
          0.5219975553207351,
          0.9999999999979999,
          0.44704665917850384,
          0.33174912757229325,
          0.26274422122703356,
          0.2093666547519191,
          0.1482796359518366,
          0.1290197376585932,
          0.1034508307526818,
          0.08683751989557528,
          0.08383667771521962,
          0.0628158330365435,
          0.03550248486819875
        ],
        [
          0.0169585109193751,
          0.03486666069301676,
          0.0499687446775773,
          0.05411300649895703,
          0.054529651542424284,
          0.06203192768833335,
          0.08730234333440215,
          0.1016305991955677,
          0.12369420931533223,
          0.1445942540233168,
          0.18208852903953301,
          0.2110401455918103,
          0.25151941560636487,
          0.2631181267096174,
          0.27320414256884423,
          0.31309757348020856,
          0.3758800158655487,
          0.44704665917850384,
          0.9999999999979999,
          0.44912272166730166,
          0.3353776167370859,
          0.26270087703139683,
          0.20181052816082048,
          0.1762897559585029,
          0.14791909325342908,
          0.12907440219029456,
          0.11718797551374213,
          0.09597727368591634,
          0.05744826950354109
        ],
        [
          0.02027230189565853,
          0.03434375804067105,
          0.05001646469358819,
          0.0505605594255353,
          0.0493114595527718,
          0.06079252940236104,
          0.08268809184814059,
          0.09333247446831233,
          0.11687533122159081,
          0.14164710250430806,
          0.16830448618129668,
          0.18021348295036252,
          0.22275317170021303,
          0.22740977422026146,
          0.24459119355404646,
          0.26741457581205863,
          0.30934483933455686,
          0.33174912757229325,
          0.44912272166730166,
          0.9999999999979999,
          0.41807102778505617,
          0.32405926373117555,
          0.26064067154419124,
          0.223523133614226,
          0.1909095745434011,
          0.16340832860487975,
          0.14679249024207675,
          0.12224215569898064,
          0.0783718271667692
        ],
        [
          0.015837790911412252,
          0.032941209763273714,
          0.040015321864321544,
          0.04745330257755998,
          0.04457099930014777,
          0.04627992673905434,
          0.06301299640920802,
          0.0785904719310723,
          0.10058643631232568,
          0.11150592162695401,
          0.13807091474864927,
